1 0.230318
11 0.258132
21 0.255226
31 0.252150
41 0.249267
51 0.246577
61 0.244077
71 0.241759
81 0.239618
91 0.237644
101 0.235829
111 0.234164
121 0.232639
131 0.231244
141 0.229971
151 0.228810
161 0.227752
171 0.226790
181 0.225916
191 0.225122
201 0.224402
211 0.223748
221 0.223156
231 0.222620
241 0.222134
251 0.221695
261 0.221297
271 0.220937
281 0.220612
291 0.220318
301 0.220052
311 0.219811
321 0.219594
331 0.219398
341 0.219220
351 0.219060
361 0.218915
371 0.218784
381 0.218665
391 0.218558
401 0.218461
411 0.218373
421 0.218294
431 0.218222
441 0.218157
451 0.218097
461 0.218044
471 0.217995
481 0.217951
491 0.217910
501 0.217874
511 0.217840
521 0.217810
531 0.217782
541 0.217757
551 0.217734
561 0.217712
571 0.217693
581 0.217675
591 0.217658
601 0.217643
611 0.217629
621 0.217616
631 0.217604
641 0.217593
651 0.217582
661 0.217572
671 0.217563
681 0.217555
691 0.217547
701 0.217539
711 0.217532
721 0.217525
731 0.217519
741 0.217513
751 0.217507
761 0.217502
771 0.217496
781 0.217491
791 0.217486
801 0.217482
811 0.217477
821 0.217473
831 0.217469
841 0.217465
851 0.217461
861 0.217457
871 0.217454
881 0.217450
891 0.217447
901 0.217443
911 0.217440
921 0.217437
931 0.217434
941 0.217430
951 0.217427
961 0.217424
971 0.217422
981 0.217419
991 0.217416
1001 0.217413
1011 0.217410
1021 0.217408
1031 0.217405
1041 0.217402
1051 0.217400
1061 0.217397
1071 0.217395
1081 0.217392
1091 0.217390
1101 0.217387
1111 0.217385
1121 0.217383
1131 0.217380
1141 0.217378
1151 0.217376
1161 0.217374
1171 0.217371
1181 0.217369
1191 0.217367
1201 0.217365
1211 0.217363
1221 0.217361
1231 0.217359
1241 0.217357
1251 0.217355
1261 0.217354
1271 0.217352
1281 0.217350
1291 0.217349
1301 0.217347
1311 0.217346
1321 0.217345
1331 0.217344
1341 0.217342
1351 0.217342
1361 0.217341
1371 0.217340
1381 0.217340
1391 0.217340
1401 0.217340
1411 0.217340
1421 0.217341
1431 0.217342
1441 0.217344
1451 0.217346
1461 0.217348
1471 0.217351
1481 0.217355
1491 0.217359
1501 0.217365
1511 0.217371
1521 0.217378
1531 0.217387
1541 0.217397
1551 0.217408
1561 0.217421
1571 0.217436
1581 0.217452
1591 0.217471
1601 0.217492
1611 0.217516
1621 0.217541
1631 0.217569
1641 0.217600
1651 0.217632
1661 0.217666
1671 0.217702
1681 0.217739
1691 0.217777
1701 0.217814
1711 0.217851
1721 0.217886
1731 0.217919
1741 0.217950
1751 0.217977
1761 0.218000
1771 0.218018
1781 0.218033
1791 0.218043
1801 0.218049
1811 0.218050
1821 0.218048
1831 0.218042
1841 0.218032
1851 0.218020
1861 0.218006
1871 0.217990
1881 0.217972
1891 0.217952
1901 0.217932
1911 0.217911
1921 0.217890
1931 0.217868
1941 0.217847
1951 0.217826
1961 0.217805
1971 0.217785
1981 0.217765
1991 0.217745
2001 0.217727
2011 0.217709
2021 0.217692
2031 0.217675
2041 0.217659
2051 0.217645
2061 0.217630
2071 0.217617
2081 0.217604
2091 0.217592
2101 0.217581
2111 0.217570
2121 0.217560
2131 0.217551
2141 0.217542
2151 0.217534
2161 0.217526
2171 0.217520
2181 0.217513
2191 0.217508
2201 0.217502
2211 0.217498
2221 0.217494
2231 0.217490
2241 0.217487
2251 0.217484
2261 0.217482
2271 0.217480
2281 0.217479
2291 0.217478
2301 0.217478
2311 0.217478
2321 0.217478
2331 0.217479
2341 0.217480
2351 0.217482
2361 0.217484
2371 0.217487
2381 0.217490
2391 0.217493
2401 0.217497
2411 0.217501
2421 0.217505
2431 0.217509
2441 0.217514
2451 0.217519
2461 0.217524
2471 0.217530
2481 0.217536
2491 0.217541
2501 0.217547
2511 0.217553
2521 0.217559
2531 0.217565
2541 0.217571
2551 0.217577
2561 0.217583
2571 0.217589
2581 0.217595
2591 0.217600
2601 0.217605
2611 0.217610
2621 0.217615
2631 0.217619
2641 0.217623
2651 0.217627
2661 0.217630
2671 0.217633
2681 0.217636
2691 0.217638
2701 0.217640
2711 0.217641
2721 0.217643
2731 0.217643
2741 0.217644
2751 0.217644
2761 0.217644
2771 0.217643
2781 0.217643
2791 0.217642
2801 0.217641
2811 0.217639
2821 0.217638
2831 0.217636
2841 0.217634
2851 0.217632
2861 0.217630
2871 0.217628
2881 0.217626
2891 0.217623
2901 0.217621
2911 0.217619
2921 0.217617
2931 0.217614
2941 0.217612
2951 0.217610
2961 0.217608
2971 0.217606
2981 0.217604
2991 0.217602
3001 0.217600
3011 0.217598
3021 0.217597
3031 0.217596
3041 0.217594
3051 0.217593
3061 0.217592
3071 0.217591
3081 0.217590
3091 0.217590
3101 0.217589
3111 0.217589
3121 0.217588
3131 0.217588
3141 0.217588
3151 0.217588
3161 0.217588
3171 0.217588
3181 0.217589
3191 0.217589
3201 0.217589
3211 0.217590
3221 0.217590
3231 0.217591
3241 0.217592
3251 0.217593
3261 0.217593
3271 0.217594
3281 0.217595
3291 0.217596
3301 0.217597
3311 0.217598
3321 0.217599
3331 0.217600
3341 0.217601
3351 0.217602
3361 0.217603
3371 0.217603
3381 0.217604
3391 0.217605
3401 0.217606
3411 0.217607
3421 0.217607
3431 0.217608
3441 0.217609
3451 0.217609
3461 0.217610
3471 0.217610
3481 0.217611
3491 0.217611
3501 0.217612
3511 0.217612
3521 0.217612
3531 0.217613
3541 0.217613
3551 0.217613
3561 0.217614
3571 0.217614
3581 0.217614
3591 0.217614
3601 0.217614
3611 0.217614
3621 0.217614
3631 0.217614
3641 0.217614
3651 0.217614
3661 0.217614
3671 0.217614
3681 0.217614
3691 0.217614
3701 0.217614
3711 0.217614
3721 0.217614
3731 0.217614
3741 0.217614
3751 0.217614
3761 0.217614
3771 0.217614
3781 0.217615
3791 0.217615
3801 0.217615
3811 0.217615
3821 0.217615
3831 0.217615
3841 0.217615
3851 0.217615
3861 0.217615
3871 0.217615
3881 0.217616
3891 0.217616
3901 0.217616
3911 0.217616
3921 0.217616
3931 0.217617
3941 0.217617
3951 0.217617
3961 0.217617
3971 0.217617
3981 0.217618
3991 0.217618
4001 0.217618
4011 0.217619
4021 0.217619
4031 0.217619
4041 0.217619
4051 0.217620
4061 0.217620
4071 0.217620
4081 0.217620
4091 0.217621
4101 0.217621
4111 0.217621
4121 0.217622
4131 0.217622
4141 0.217622
4151 0.217622
4161 0.217623
4171 0.217623
4181 0.217623
4191 0.217623
4201 0.217624
4211 0.217624
4221 0.217624
4231 0.217624
4241 0.217625
4251 0.217625
4261 0.217625
4271 0.217625
4281 0.217626
4291 0.217626
4301 0.217626
4311 0.217626
4321 0.217627
4331 0.217627
4341 0.217627
4351 0.217627
4361 0.217627
4371 0.217628
4381 0.217628
4391 0.217628
4401 0.217628
4411 0.217628
4421 0.217629
4431 0.217629
4441 0.217629
4451 0.217629
4461 0.217630
4471 0.217630
4481 0.217630
4491 0.217630
4501 0.217631
4511 0.217631
4521 0.217631
4531 0.217631
4541 0.217631
4551 0.217632
4561 0.217632
4571 0.217632
4581 0.217632
4591 0.217633
4601 0.217633
4611 0.217633
4621 0.217633
4631 0.217634
4641 0.217634
4651 0.217634
4661 0.217634
4671 0.217634
4681 0.217635
4691 0.217635
4701 0.217635
4711 0.217635
4721 0.217636
4731 0.217636
4741 0.217636
4751 0.217636
4761 0.217637
4771 0.217637
4781 0.217637
4791 0.217637
4801 0.217637
4811 0.217638
4821 0.217638
4831 0.217638
4841 0.217638
4851 0.217639
4861 0.217639
4871 0.217639
4881 0.217639
4891 0.217640
4901 0.217640
4911 0.217640
4921 0.217640
4931 0.217641
4941 0.217641
4951 0.217641
4961 0.217641
4971 0.217641
4981 0.217642
4991 0.217642
5001 0.217642
5011 0.217642
5021 0.217643
5031 0.217643
5041 0.217643
5051 0.217643
5061 0.217643
5071 0.217644
5081 0.217644
5091 0.217644
5101 0.217644
5111 0.217645
5121 0.217645
5131 0.217645
5141 0.217645
5151 0.217645
5161 0.217646
5171 0.217646
5181 0.217646
5191 0.217646
5201 0.217647
5211 0.217647
5221 0.217647
5231 0.217647
5241 0.217647
5251 0.217648
5261 0.217648
5271 0.217648
5281 0.217648
5291 0.217648
5301 0.217649
5311 0.217649
5321 0.217649
5331 0.217649
5341 0.217649
5351 0.217650
5361 0.217650
5371 0.217650
5381 0.217650
5391 0.217651
5401 0.217651
5411 0.217651
5421 0.217651
5431 0.217651
5441 0.217652
5451 0.217652
5461 0.217652
5471 0.217652
5481 0.217652
5491 0.217653
5501 0.217653
5511 0.217653
5521 0.217653
5531 0.217653
5541 0.217653
5551 0.217654
5561 0.217654
5571 0.217654
5581 0.217654
5591 0.217654
5601 0.217655
5611 0.217655
5621 0.217655
5631 0.217655
5641 0.217655
5651 0.217656
5661 0.217656
5671 0.217656
5681 0.217656
5691 0.217656
5701 0.217656
5711 0.217657
5721 0.217657
5731 0.217657
5741 0.217657
5751 0.217657
5761 0.217657
5771 0.217658
5781 0.217658
5791 0.217658
5801 0.217658
5811 0.217658
5821 0.217658
5831 0.217658
5841 0.217659
5851 0.217659
5861 0.217659
5871 0.217659
5881 0.217659
5891 0.217660
5901 0.217660
5911 0.217660
5921 0.217660
5931 0.217660
5941 0.217660
5951 0.217661
5961 0.217661
5971 0.217661
5981 0.217661
5991 0.217661
6001 0.217661
6011 0.217661
6021 0.217661
6031 0.217662
6041 0.217662
6051 0.217662
6061 0.217662
6071 0.217662
6081 0.217662
6091 0.217662
6101 0.217662
6111 0.217663
6121 0.217663
6131 0.217663
6141 0.217663
6151 0.217663
6161 0.217663
6171 0.217663
6181 0.217663
6191 0.217664
6201 0.217664
6211 0.217664
6221 0.217664
6231 0.217664
6241 0.217664
6251 0.217664
6261 0.217664
6271 0.217664
6281 0.217664
6291 0.217665
6301 0.217665
6311 0.217665
6321 0.217665
6331 0.217665
6341 0.217665
6351 0.217665
6361 0.217665
6371 0.217665
6381 0.217665
6391 0.217665
6401 0.217666
6411 0.217666
6421 0.217666
6431 0.217666
6441 0.217666
6451 0.217666
6461 0.217666
6471 0.217666
6481 0.217666
6491 0.217666
6501 0.217666
6511 0.217666
6521 0.217666
6531 0.217666
6541 0.217666
6551 0.217666
6561 0.217666
6571 0.217667
6581 0.217667
6591 0.217667
6601 0.217667
6611 0.217667
6621 0.217667
6631 0.217667
6641 0.217667
6651 0.217667
6661 0.217667
6671 0.217667
6681 0.217667
6691 0.217667
6701 0.217667
6711 0.217667
6721 0.217667
6731 0.217667
6741 0.217667
6751 0.217667
6761 0.217667
6771 0.217667
6781 0.217667
6791 0.217667
6801 0.217667
6811 0.217667
6821 0.217667
6831 0.217667
6841 0.217667
6851 0.217667
6861 0.217667
6871 0.217667
6881 0.217667
6891 0.217667
6901 0.217667
6911 0.217667
6921 0.217667
6931 0.217667
6941 0.217667
6951 0.217667
6961 0.217667
6971 0.217667
6981 0.217666
6991 0.217666
7001 0.217666
7011 0.217666
7021 0.217666
7031 0.217666
7041 0.217666
7051 0.217666
7061 0.217666
7071 0.217666
7081 0.217666
7091 0.217666
7101 0.217666
7111 0.217666
7121 0.217666
7131 0.217666
7141 0.217665
7151 0.217665
7161 0.217665
7171 0.217665
7181 0.217665
7191 0.217665
7201 0.217665
7211 0.217665
7221 0.217665
7231 0.217665
7241 0.217665
7251 0.217664
7261 0.217664
7271 0.217664
7281 0.217664
7291 0.217664
7301 0.217664
7311 0.217664
7321 0.217663
7331 0.217663
7341 0.217663
7351 0.217663
7361 0.217663
7371 0.217663
7381 0.217663
7391 0.217663
7401 0.217662
7411 0.217662
7421 0.217662
7431 0.217662
7441 0.217662
7451 0.217662
7461 0.217661
7471 0.217661
7481 0.217661
7491 0.217661
7501 0.217661
7511 0.217660
7521 0.217660
7531 0.217660
7541 0.217660
7551 0.217660
7561 0.217660
7571 0.217659
7581 0.217659
7591 0.217659
7601 0.217659
7611 0.217658
7621 0.217658
7631 0.217658
7641 0.217658
7651 0.217658
7661 0.217657
7671 0.217657
7681 0.217657
7691 0.217657
7701 0.217656
7711 0.217656
7721 0.217656
7731 0.217656
7741 0.217655
7751 0.217655
7761 0.217655
7771 0.217655
7781 0.217654
7791 0.217654
7801 0.217654
7811 0.217654
7821 0.217653
7831 0.217653
7841 0.217653
7851 0.217652
7861 0.217652
7871 0.217652
7881 0.217652
7891 0.217651
7901 0.217651
7911 0.217651
7921 0.217650
7931 0.217650
7941 0.217650
7951 0.217649
7961 0.217649
7971 0.217649
7981 0.217648
7991 0.217648
8001 0.217648
8011 0.217647
8021 0.217647
8031 0.217647
8041 0.217647
8051 0.217646
8061 0.217646
8071 0.217645
8081 0.217645
8091 0.217645
8101 0.217644
8111 0.217644
8121 0.217644
8131 0.217643
8141 0.217643
8151 0.217643
8161 0.217642
8171 0.217642
8181 0.217641
8191 0.217641
8201 0.217641
8211 0.217640
8221 0.217640
8231 0.217639
8241 0.217639
8251 0.217639
8261 0.217638
8271 0.217638
8281 0.217637
8291 0.217637
8301 0.217636
8311 0.217636
8321 0.217635
8331 0.217635
8341 0.217635
8351 0.217634
8361 0.217634
8371 0.217633
8381 0.217633
8391 0.217632
8401 0.217632
8411 0.217631
8421 0.217631
8431 0.217630
8441 0.217630
8451 0.217629
8461 0.217629
8471 0.217628
8481 0.217628
8491 0.217627
8501 0.217627
8511 0.217626
8521 0.217626
8531 0.217626
8541 0.217625
8551 0.217624
8561 0.217624
8571 0.217623
8581 0.217623
8591 0.217622
8601 0.217622
8611 0.217621
8621 0.217621
8631 0.217620
8641 0.217620
8651 0.217619
8661 0.217619
8671 0.217618
8681 0.217617
8691 0.217617
8701 0.217616
8711 0.217616
8721 0.217615
8731 0.217614
8741 0.217614
8751 0.217613
8761 0.217613
8771 0.217612
8781 0.217612
8791 0.217611
8801 0.217610
8811 0.217610
8821 0.217609
8831 0.217608
8841 0.217608
8851 0.217607
8861 0.217607
8871 0.217606
8881 0.217605
8891 0.217605
8901 0.217604
8911 0.217603
8921 0.217603
8931 0.217602
8941 0.217601
8951 0.217601
8961 0.217600
8971 0.217599
8981 0.217599
8991 0.217598
9001 0.217597
9011 0.217597
9021 0.217596
9031 0.217595
9041 0.217595
9051 0.217594
9061 0.217593
9071 0.217592
9081 0.217592
9091 0.217591
9101 0.217590
9111 0.217589
9121 0.217589
9131 0.217588
9141 0.217587
9151 0.217587
9161 0.217586
9171 0.217585
9181 0.217584
9191 0.217584
9201 0.217583
9211 0.217582
9221 0.217581
9231 0.217580
9241 0.217580
9251 0.217579
9261 0.217578
9271 0.217577
9281 0.217576
9291 0.217576
9301 0.217575
9311 0.217574
9321 0.217573
9331 0.217572
9341 0.217572
9351 0.217571
9361 0.217570
9371 0.217569
9381 0.217568
9391 0.217568
9401 0.217567
9411 0.217566
9421 0.217565
9431 0.217564
9441 0.217563
9451 0.217562
9461 0.217562
9471 0.217561
9481 0.217560
9491 0.217559
9501 0.217558
9511 0.217557
9521 0.217556
9531 0.217555
9541 0.217554
9551 0.217553
9561 0.217552
9571 0.217552
9581 0.217551
9591 0.217550
9601 0.217549
9611 0.217548
9621 0.217547
9631 0.217546
9641 0.217545
9651 0.217544
9661 0.217543
9671 0.217542
9681 0.217541
9691 0.217540
9701 0.217539
9711 0.217539
9721 0.217537
9731 0.217536
9741 0.217536
9751 0.217535
9761 0.217533
9771 0.217533
9781 0.217532
9791 0.217531
9801 0.217529
9811 0.217528
9821 0.217527
9831 0.217526
9841 0.217525
9851 0.217524
9861 0.217523
9871 0.217522
9881 0.217521
9891 0.217520
9901 0.217519
9911 0.217518
9921 0.217517
9931 0.217516
9941 0.217515
9951 0.217514
9961 0.217513
9971 0.217512
9981 0.217511
9991 0.217509
