1 0.318857
101 0.320000
201 0.320000
301 0.320000
401 0.320000
501 0.320000
601 0.320000
701 0.320000
801 0.320000
901 0.320000
1001 0.320000
1101 0.320000
1201 0.320000
1301 0.320000
1401 0.320000
1501 0.320000
1601 0.320000
1701 0.320000
1801 0.320000
1901 0.320000
2001 0.320000
2101 0.320000
2201 0.320000
2301 0.320000
2401 0.320000
2501 0.320000
2601 0.320000
2701 0.320000
2801 0.320000
2901 0.320000
3001 0.320000
3101 0.320000
3201 0.320000
3301 0.320000
3401 0.320000
3501 0.320000
3601 0.320000
3701 0.320000
3801 0.320000
3901 0.320000
4001 0.320000
4101 0.320000
4201 0.320000
4301 0.320000
4401 0.320000
4501 0.320000
4601 0.320000
4701 0.320000
4801 0.320000
4901 0.320000
5001 0.320000
5101 0.320000
5201 0.320000
5301 0.320000
5401 0.320000
5501 0.320000
5601 0.320000
5701 0.320000
5801 0.320000
5901 0.320000
6001 0.320000
6101 0.320000
6201 0.320000
6301 0.320000
6401 0.320000
6501 0.320000
6601 0.320000
6701 0.320000
6801 0.320000
6901 0.320000
7001 0.320000
7101 0.320000
7201 0.320000
7301 0.320000
7401 0.320000
7501 0.320000
7601 0.320000
7701 0.320000
7801 0.320000
7901 0.320000
8001 0.320000
8101 0.320000
8201 0.320000
8301 0.320000
8401 0.320000
8501 0.320000
8601 0.320000
8701 0.320000
8801 0.320000
8901 0.320000
9001 0.320000
9101 0.320000
9201 0.320000
9301 0.320000
9401 0.320000
9501 0.320000
9601 0.320000
9701 0.320000
9801 0.320000
9901 0.320000
10001 0.320000
10101 0.320000
10201 0.320000
10301 0.320000
10401 0.320000
10501 0.320000
10601 0.320000
10701 0.320000
10801 0.320000
10901 0.320000
11001 0.320000
11101 0.320000
11201 0.320000
11301 0.320000
11401 0.320000
11501 0.320000
11601 0.320000
11701 0.320000
11801 0.320000
11901 0.320000
12001 0.320000
12101 0.320000
12201 0.320000
12301 0.320000
12401 0.320000
12501 0.320000
12601 0.320000
12701 0.320000
12801 0.320000
12901 0.320000
13001 0.320000
13101 0.320000
13201 0.320000
13301 0.320000
13401 0.320000
13501 0.320000
13601 0.320000
13701 0.320000
13801 0.320000
13901 0.320000
14001 0.320000
14101 0.320000
14201 0.320000
14301 0.320000
14401 0.320000
14501 0.320000
14601 0.320000
14701 0.320000
14801 0.320000
14901 0.320000
15001 0.320000
15101 0.320000
15201 0.320000
15301 0.320000
15401 0.320000
15501 0.320000
15601 0.320000
15701 0.320000
15801 0.320000
15901 0.320000
16001 0.320000
16101 0.320000
16201 0.320000
16301 0.320000
16401 0.320000
16501 0.320000
16601 0.320000
16701 0.320000
16801 0.320000
16901 0.320000
17001 0.320000
17101 0.320000
17201 0.320000
17301 0.320000
17401 0.320000
17501 0.320000
17601 0.320000
17701 0.320000
17801 0.320000
17901 0.320000
18001 0.320000
18101 0.320000
18201 0.320000
18301 0.320000
18401 0.320000
18501 0.320000
18601 0.320000
18701 0.320000
18801 0.320000
18901 0.320000
19001 0.320000
19101 0.320000
19201 0.320000
19301 0.320000
19401 0.320000
19501 0.320000
19601 0.320000
19701 0.320000
19801 0.320000
19901 0.320000
20001 0.320000
20101 0.320000
20201 0.320000
20301 0.320000
20401 0.320000
20501 0.320000
20601 0.320000
20701 0.320000
20801 0.320000
20901 0.320000
21001 0.320000
21101 0.320000
21201 0.320000
21301 0.320000
21401 0.320000
21501 0.320000
21601 0.320000
21701 0.320000
21801 0.320000
21901 0.320000
22001 0.320000
22101 0.320000
22201 0.320000
22301 0.320000
22401 0.320000
22501 0.320000
22601 0.320000
22701 0.320000
22801 0.320000
22901 0.320000
23001 0.320000
23101 0.320000
23201 0.320000
23301 0.320000
23401 0.320000
23501 0.320000
23601 0.320000
23701 0.320000
23801 0.320000
23901 0.320000
24001 0.320000
24101 0.320000
24201 0.320000
24301 0.320000
24401 0.320000
24501 0.320000
24601 0.320000
24701 0.320000
24801 0.320000
24901 0.320000
25001 0.320000
25101 0.320000
25201 0.320000
25301 0.320000
25401 0.320000
25501 0.320000
25601 0.320000
25701 0.320000
25801 0.320000
25901 0.320000
26001 0.320000
26101 0.320000
26201 0.320000
26301 0.320000
26401 0.320000
26501 0.320000
26601 0.320000
26701 0.320000
26801 0.320000
26901 0.320000
27001 0.320000
27101 0.320000
27201 0.320000
27301 0.320000
27401 0.320000
27501 0.320000
27601 0.320000
27701 0.320000
27801 0.320000
27901 0.320000
28001 0.320000
28101 0.320000
28201 0.320000
28301 0.320000
28401 0.320000
28501 0.320000
28601 0.320000
28701 0.320000
28801 0.320000
28901 0.320000
29001 0.320000
29101 0.320000
29201 0.320000
29301 0.320000
29401 0.320000
29501 0.320000
29601 0.320000
29701 0.320000
29801 0.320000
29901 0.320000
30001 0.320000
30101 0.320000
30201 0.320000
30301 0.320000
30401 0.320000
30501 0.320000
30601 0.320000
30701 0.320000
30801 0.320000
30901 0.320000
31001 0.320000
31101 0.320000
31201 0.320000
31301 0.320000
31401 0.320000
31501 0.320000
31601 0.320000
31701 0.320000
31801 0.320000
31901 0.320000
32001 0.320000
32101 0.320000
32201 0.320000
32301 0.320000
32401 0.320000
32501 0.320000
32601 0.320000
32701 0.320000
32801 0.320000
32901 0.320000
33001 0.320000
33101 0.320000
33201 0.320000
33301 0.320000
33401 0.320000
33501 0.320000
33601 0.320000
33701 0.320000
33801 0.320000
33901 0.320000
34001 0.320000
34101 0.320000
34201 0.320000
34301 0.320000
34401 0.320000
34501 0.320000
34601 0.320000
34701 0.320000
34801 0.320000
34901 0.320000
35001 0.320000
35101 0.320000
35201 0.320000
35301 0.320000
35401 0.320000
35501 0.320000
35601 0.320000
35701 0.320000
35801 0.320000
35901 0.320000
36001 0.320000
36101 0.320000
36201 0.320000
36301 0.320000
36401 0.320000
36501 0.320000
36601 0.320000
36701 0.320000
36801 0.320000
36901 0.320000
37001 0.320000
37101 0.320000
37201 0.320000
37301 0.320000
37401 0.320000
37501 0.320000
37601 0.320000
37701 0.320000
37801 0.320000
37901 0.320000
38001 0.320000
38101 0.320000
38201 0.320000
38301 0.320000
38401 0.320000
38501 0.320000
38601 0.320000
38701 0.320000
38801 0.320000
38901 0.320000
39001 0.320000
39101 0.320000
39201 0.320000
39301 0.320000
39401 0.320000
39501 0.320000
39601 0.320000
39701 0.320000
39801 0.320000
39901 0.320000
40001 0.320000
40101 0.320000
40201 0.320000
40301 0.320000
40401 0.320000
40501 0.320000
40601 0.320000
40701 0.320000
40801 0.320000
40901 0.320000
41001 0.320000
41101 0.320000
41201 0.320000
41301 0.320000
41401 0.320000
41501 0.320000
41601 0.320000
41701 0.320000
41801 0.320000
41901 0.320000
42001 0.320000
42101 0.320000
42201 0.320000
42301 0.320000
42401 0.320000
42501 0.320000
42601 0.320000
42701 0.320000
42801 0.320000
42901 0.320000
43001 0.320000
43101 0.320000
43201 0.320000
43301 0.320000
43401 0.320000
43501 0.320000
43601 0.320000
43701 0.320000
43801 0.320000
43901 0.320000
44001 0.320000
44101 0.320000
44201 0.320000
44301 0.320000
44401 0.320000
44501 0.320000
44601 0.320000
44701 0.320000
44801 0.320000
44901 0.320000
45001 0.320000
45101 0.320000
45201 0.320000
45301 0.320000
45401 0.320000
45501 0.320000
45601 0.320000
45701 0.320000
45801 0.320000
45901 0.320000
46001 0.320000
46101 0.320000
46201 0.320000
46301 0.320000
46401 0.320000
46501 0.320000
46601 0.320000
46701 0.320000
46801 0.320000
46901 0.320000
47001 0.320000
47101 0.320000
47201 0.320000
47301 0.320000
47401 0.320000
47501 0.320000
47601 0.320000
47701 0.320000
47801 0.320000
47901 0.320000
48001 0.320000
48101 0.320000
48201 0.320000
48301 0.320000
48401 0.320000
48501 0.320000
48601 0.320000
48701 0.320000
48801 0.320000
48901 0.320000
49001 0.320000
49101 0.320000
49201 0.320000
49301 0.320000
49401 0.320000
49501 0.320000
49601 0.320000
49701 0.320000
49801 0.320000
49901 0.320000
50001 0.320000
50101 0.320000
50201 0.320000
50301 0.320000
50401 0.320000
50501 0.320000
50601 0.320000
50701 0.320000
50801 0.320000
50901 0.320000
51001 0.320000
51101 0.320000
51201 0.320000
51301 0.320000
51401 0.320000
51501 0.320000
51601 0.320000
51701 0.320000
51801 0.320000
51901 0.320000
52001 0.320000
52101 0.320000
52201 0.320000
52301 0.320000
52401 0.320000
52501 0.320000
52601 0.320000
52701 0.320000
52801 0.320000
52901 0.320000
53001 0.320000
53101 0.320000
53201 0.320000
53301 0.320000
53401 0.320000
53501 0.320000
53601 0.320000
53701 0.320000
53801 0.320000
53901 0.320000
54001 0.320000
54101 0.320000
54201 0.320000
54301 0.320000
54401 0.320000
54501 0.320000
54601 0.320000
54701 0.320000
54801 0.320000
54901 0.320000
55001 0.320000
55101 0.320000
55201 0.320000
55301 0.320000
55401 0.320000
55501 0.320000
55601 0.320000
55701 0.320000
55801 0.320000
55901 0.320000
56001 0.320000
56101 0.320000
56201 0.320000
56301 0.320000
56401 0.320000
56501 0.320000
56601 0.320000
56701 0.320000
56801 0.320000
56901 0.320000
57001 0.320000
57101 0.320000
57201 0.320000
57301 0.320000
57401 0.320000
57501 0.320000
57601 0.320000
57701 0.320000
57801 0.320000
57901 0.320000
58001 0.320000
58101 0.320000
58201 0.320000
58301 0.320000
58401 0.320000
58501 0.320000
58601 0.320000
58701 0.320000
58801 0.320000
58901 0.320000
59001 0.320000
59101 0.320000
59201 0.320000
59301 0.320000
59401 0.320000
59501 0.320000
59601 0.320000
59701 0.320000
59801 0.320000
59901 0.320000
60001 0.320000
60101 0.320000
60201 0.320000
60301 0.320000
60401 0.320000
60501 0.320000
60601 0.320000
60701 0.320000
60801 0.320000
60901 0.320000
61001 0.320000
61101 0.320000
61201 0.320000
61301 0.320000
61401 0.320000
61501 0.320000
61601 0.320000
61701 0.320000
61801 0.320000
61901 0.320000
62001 0.320000
62101 0.320000
62201 0.320000
62301 0.320000
62401 0.320000
62501 0.320000
62601 0.320000
62701 0.320000
62801 0.320000
62901 0.320000
63001 0.320000
63101 0.320000
63201 0.320000
63301 0.320000
63401 0.320000
63501 0.320000
63601 0.320000
63701 0.320000
63801 0.320000
63901 0.320000
64001 0.320000
64101 0.320000
64201 0.320000
64301 0.320000
64401 0.320000
64501 0.320000
64601 0.320000
64701 0.320000
64801 0.320000
64901 0.320000
65001 0.320000
65101 0.320000
65201 0.320000
65301 0.320000
65401 0.320000
65501 0.320000
65601 0.320000
65701 0.320000
65801 0.320000
65901 0.320000
66001 0.320000
66101 0.320000
66201 0.320000
66301 0.320000
66401 0.320000
66501 0.320000
66601 0.320000
66701 0.320000
66801 0.320000
66901 0.320000
67001 0.320000
67101 0.320000
67201 0.320000
67301 0.320000
67401 0.320000
67501 0.320000
67601 0.320000
67701 0.320000
67801 0.320000
67901 0.320000
68001 0.320000
68101 0.320000
68201 0.320000
68301 0.320000
68401 0.320000
68501 0.320000
68601 0.320000
68701 0.320000
68801 0.320000
68901 0.320000
69001 0.320000
69101 0.320000
69201 0.320000
69301 0.320000
69401 0.320000
69501 0.320000
69601 0.320000
69701 0.320000
69801 0.320000
69901 0.320000
70001 0.320000
70101 0.320000
70201 0.320000
70301 0.320000
70401 0.320000
70501 0.320000
70601 0.320000
70701 0.320000
70801 0.320000
70901 0.320000
71001 0.320000
71101 0.320000
71201 0.320000
71301 0.320000
71401 0.320000
71501 0.320000
71601 0.320000
71701 0.320000
71801 0.320000
71901 0.320000
72001 0.320000
72101 0.320000
72201 0.320000
72301 0.320000
72401 0.320000
72501 0.320000
72601 0.320000
72701 0.320000
72801 0.320000
72901 0.320000
73001 0.320000
73101 0.320000
73201 0.320000
73301 0.320000
73401 0.320000
73501 0.320000
73601 0.320000
73701 0.320000
73801 0.320000
73901 0.320000
74001 0.320000
74101 0.320000
74201 0.320000
74301 0.320000
74401 0.320000
74501 0.320000
74601 0.320000
74701 0.320000
74801 0.320000
74901 0.320000
75001 0.320000
75101 0.320000
75201 0.320000
75301 0.320000
75401 0.320000
75501 0.320000
75601 0.320000
75701 0.320000
75801 0.320000
75901 0.320000
76001 0.320000
76101 0.320000
76201 0.320000
76301 0.320000
76401 0.320000
76501 0.320000
76601 0.320000
76701 0.320000
76801 0.320000
76901 0.320000
77001 0.320000
77101 0.320000
77201 0.320000
77301 0.320000
77401 0.320000
77501 0.320000
77601 0.320000
77701 0.320000
77801 0.320000
77901 0.320000
78001 0.320000
78101 0.320000
78201 0.320000
78301 0.320000
78401 0.320000
78501 0.320000
78601 0.320000
78701 0.320000
78801 0.320000
78901 0.320000
79001 0.320000
79101 0.320000
79201 0.320000
79301 0.320000
79401 0.320000
79501 0.320000
79601 0.320000
79701 0.320000
79801 0.320000
79901 0.320000
80001 0.320000
80101 0.320000
80201 0.320000
80301 0.320000
80401 0.320000
80501 0.320000
80601 0.320000
80701 0.320000
80801 0.320000
80901 0.320000
81001 0.320000
81101 0.320000
81201 0.320000
81301 0.320000
81401 0.320000
81501 0.320000
81601 0.320000
81701 0.320000
81801 0.320000
81901 0.320000
82001 0.320000
82101 0.320000
82201 0.320000
82301 0.320000
82401 0.320000
82501 0.320000
82601 0.320000
82701 0.320000
82801 0.320000
82901 0.320000
83001 0.320000
83101 0.320000
83201 0.320000
83301 0.320000
83401 0.320000
83501 0.320000
83601 0.320000
83701 0.320000
83801 0.320000
83901 0.320000
84001 0.320000
84101 0.320000
84201 0.320000
84301 0.320000
84401 0.320000
84501 0.320000
84601 0.320000
84701 0.320000
84801 0.320000
84901 0.320000
85001 0.320000
85101 0.320000
85201 0.320000
85301 0.320000
85401 0.320000
85501 0.320000
85601 0.320000
85701 0.320000
85801 0.320000
85901 0.320000
86001 0.320000
86101 0.320000
86201 0.320000
86301 0.320000
86401 0.320000
86501 0.320000
86601 0.320000
86701 0.320000
86801 0.320000
86901 0.320000
87001 0.320000
87101 0.320000
87201 0.320000
87301 0.320000
87401 0.320000
87501 0.320000
87601 0.320000
87701 0.320000
87801 0.320000
87901 0.320000
88001 0.320000
88101 0.320000
88201 0.320000
88301 0.320000
88401 0.320000
88501 0.320000
88601 0.320000
88701 0.320000
88801 0.320000
88901 0.320000
89001 0.320000
89101 0.320000
89201 0.320000
89301 0.320000
89401 0.320000
89501 0.320000
89601 0.320000
89701 0.320000
89801 0.320000
89901 0.320000
90001 0.320000
90101 0.320000
90201 0.320000
90301 0.320000
90401 0.320000
90501 0.320000
90601 0.320000
90701 0.320000
90801 0.320000
90901 0.320000
91001 0.320000
91101 0.320000
91201 0.320000
91301 0.320000
91401 0.320000
91501 0.320000
91601 0.320000
91701 0.320000
91801 0.320000
91901 0.320000
92001 0.320000
92101 0.320000
92201 0.320000
92301 0.320000
92401 0.320000
92501 0.320000
92601 0.320000
92701 0.320000
92801 0.320000
92901 0.320000
93001 0.320000
93101 0.320000
93201 0.320000
93301 0.320000
93401 0.320000
93501 0.320000
93601 0.320000
93701 0.320000
93801 0.320000
93901 0.320000
94001 0.320000
94101 0.320000
94201 0.320000
94301 0.320000
94401 0.320000
94501 0.320000
94601 0.320000
94701 0.320000
94801 0.320000
94901 0.320000
95001 0.320000
95101 0.320000
95201 0.320000
95301 0.320000
95401 0.320000
95501 0.320000
95601 0.320000
95701 0.320000
95801 0.320000
95901 0.320000
96001 0.320000
96101 0.320000
96201 0.320000
96301 0.320000
96401 0.320000
96501 0.320000
96601 0.320000
96701 0.320000
96801 0.320000
96901 0.320000
97001 0.320000
97101 0.320000
97201 0.320000
97301 0.320000
97401 0.320000
97501 0.320000
97601 0.320000
97701 0.320000
97801 0.320000
97901 0.320000
98001 0.320000
98101 0.320000
98201 0.320000
98301 0.320000
98401 0.320000
98501 0.320000
98601 0.320000
98701 0.320000
98801 0.320000
98901 0.320000
99001 0.320000
99101 0.320000
99201 0.320000
99301 0.320000
99401 0.320000
99501 0.320000
99601 0.320000
99701 0.320000
99801 0.320000
99901 0.320000
