1 0.252019
11 0.352245
21 0.301601
31 0.314124
41 0.306068
51 0.301896
61 0.297155
71 0.292361
81 0.287551
91 0.282781
101 0.278101
111 0.273555
121 0.269178
131 0.265000
141 0.261040
151 0.257312
161 0.253821
171 0.250572
181 0.247560
191 0.244779
201 0.242222
211 0.239877
221 0.237733
231 0.235778
241 0.233998
251 0.232381
261 0.230915
271 0.229587
281 0.228387
291 0.227302
301 0.226322
311 0.225439
321 0.224644
331 0.223927
341 0.223282
351 0.222702
361 0.222180
371 0.221712
381 0.221290
391 0.220912
401 0.220572
411 0.220267
421 0.219993
431 0.219747
441 0.219526
451 0.219327
461 0.219149
471 0.218990
481 0.218846
491 0.218717
501 0.218601
511 0.218498
521 0.218404
531 0.218320
541 0.218244
551 0.218177
561 0.218116
571 0.218061
581 0.218011
591 0.217966
601 0.217926
611 0.217890
621 0.217857
631 0.217827
641 0.217800
651 0.217776
661 0.217754
671 0.217734
681 0.217716
691 0.217700
701 0.217685
711 0.217671
721 0.217659
731 0.217647
741 0.217637
751 0.217627
761 0.217618
771 0.217610
781 0.217603
791 0.217596
801 0.217590
811 0.217584
821 0.217578
831 0.217573
841 0.217568
851 0.217564
861 0.217560
871 0.217556
881 0.217552
891 0.217548
901 0.217545
911 0.217542
921 0.217539
931 0.217536
941 0.217533
951 0.217531
961 0.217528
971 0.217526
981 0.217524
991 0.217521
1001 0.217519
1011 0.217517
1021 0.217515
1031 0.217513
1041 0.217511
1051 0.217509
1061 0.217507
1071 0.217506
1081 0.217504
1091 0.217502
1101 0.217500
1111 0.217499
1121 0.217497
1131 0.217496
1141 0.217494
1151 0.217492
1161 0.217491
1171 0.217489
1181 0.217488
1191 0.217486
1201 0.217485
1211 0.217483
1221 0.217482
1231 0.217480
1241 0.217479
1251 0.217478
1261 0.217476
1271 0.217475
1281 0.217473
1291 0.217472
1301 0.217471
1311 0.217469
1321 0.217468
1331 0.217467
1341 0.217465
1351 0.217464
1361 0.217463
1371 0.217461
1381 0.217460
1391 0.217459
1401 0.217457
1411 0.217456
1421 0.217455
1431 0.217454
1441 0.217452
1451 0.217451
1461 0.217450
1471 0.217449
1481 0.217447
1491 0.217446
1501 0.217445
1511 0.217444
1521 0.217443
1531 0.217441
1541 0.217440
1551 0.217439
1561 0.217438
1571 0.217437
1581 0.217436
1591 0.217434
1601 0.217433
1611 0.217432
1621 0.217431
1631 0.217430
1641 0.217429
1651 0.217428
1661 0.217427
1671 0.217426
1681 0.217425
1691 0.217424
1701 0.217423
1711 0.217423
1721 0.217422
1731 0.217421
1741 0.217420
1751 0.217419
1761 0.217419
1771 0.217418
1781 0.217418
1791 0.217418
1801 0.217417
1811 0.217417
1821 0.217417
1831 0.217417
1841 0.217417
1851 0.217418
1861 0.217418
1871 0.217419
1881 0.217420
1891 0.217422
1901 0.217423
1911 0.217425
1921 0.217428
1931 0.217430
1941 0.217434
1951 0.217438
1961 0.217442
1971 0.217447
1981 0.217453
1991 0.217460
2001 0.217468
2011 0.217476
2021 0.217486
2031 0.217498
2041 0.217510
2051 0.217525
2061 0.217540
2071 0.217558
2081 0.217577
2091 0.217598
2101 0.217621
2111 0.217645
2121 0.217671
2131 0.217699
2141 0.217727
2151 0.217757
2161 0.217787
2171 0.217817
2181 0.217847
2191 0.217876
2201 0.217904
2211 0.217929
2221 0.217952
2231 0.217972
2241 0.217990
2251 0.218003
2261 0.218013
2271 0.218020
2281 0.218023
2291 0.218023
2301 0.218020
2311 0.218014
2321 0.218005
2331 0.217994
2341 0.217981
2351 0.217966
2361 0.217950
2371 0.217933
2381 0.217915
2391 0.217896
2401 0.217877
2411 0.217858
2421 0.217839
2431 0.217820
2441 0.217802
2451 0.217783
2461 0.217765
2471 0.217748
2481 0.217731
2491 0.217715
2501 0.217699
2511 0.217684
2521 0.217670
2531 0.217656
2541 0.217642
2551 0.217630
2561 0.217618
2571 0.217606
2581 0.217595
2591 0.217585
2601 0.217575
2611 0.217566
2621 0.217557
2631 0.217549
2641 0.217541
2651 0.217534
2661 0.217527
2671 0.217520
2681 0.217514
2691 0.217508
2701 0.217503
2711 0.217498
2721 0.217493
2731 0.217489
2741 0.217485
2751 0.217481
2761 0.217478
2771 0.217474
2781 0.217471
2791 0.217469
2801 0.217466
2811 0.217464
2821 0.217462
2831 0.217461
2841 0.217460
2851 0.217458
2861 0.217458
2871 0.217457
2881 0.217457
2891 0.217457
2901 0.217457
2911 0.217457
2921 0.217458
2931 0.217459
2941 0.217460
2951 0.217461
2961 0.217462
2971 0.217464
2981 0.217466
2991 0.217469
3001 0.217471
3011 0.217474
3021 0.217477
3031 0.217481
3041 0.217484
3051 0.217488
3061 0.217492
3071 0.217496
3081 0.217501
3091 0.217506
3101 0.217511
3111 0.217516
3121 0.217521
3131 0.217527
3141 0.217532
3151 0.217538
3161 0.217544
3171 0.217550
3181 0.217556
3191 0.217562
3201 0.217568
3211 0.217574
3221 0.217580
3231 0.217586
3241 0.217591
3251 0.217597
3261 0.217602
3271 0.217608
3281 0.217612
3291 0.217617
3301 0.217622
3311 0.217626
3321 0.217629
3331 0.217633
3341 0.217636
3351 0.217639
3361 0.217641
3371 0.217643
3381 0.217644
3391 0.217646
3401 0.217646
3411 0.217647
3421 0.217647
3431 0.217647
3441 0.217646
3451 0.217645
3461 0.217644
3471 0.217642
3481 0.217641
3491 0.217639
3501 0.217636
3511 0.217634
3521 0.217631
3531 0.217629
3541 0.217626
3551 0.217623
3561 0.217620
3571 0.217616
3581 0.217613
3591 0.217610
3601 0.217607
3611 0.217603
3621 0.217600
3631 0.217597
3641 0.217594
3651 0.217591
3661 0.217587
3671 0.217584
3681 0.217582
3691 0.217579
3701 0.217576
3711 0.217573
3721 0.217571
3731 0.217568
3741 0.217566
3751 0.217564
3761 0.217562
3771 0.217560
3781 0.217558
3791 0.217557
3801 0.217555
3811 0.217554
3821 0.217553
3831 0.217552
3841 0.217551
3851 0.217550
3861 0.217549
3871 0.217549
3881 0.217548
3891 0.217548
3901 0.217548
3911 0.217548
3921 0.217548
3931 0.217548
3941 0.217549
3951 0.217549
3961 0.217550
3971 0.217551
3981 0.217551
3991 0.217552
4001 0.217553
4011 0.217554
4021 0.217555
4031 0.217556
4041 0.217558
4051 0.217559
4061 0.217560
4071 0.217562
4081 0.217563
4091 0.217564
4101 0.217566
4111 0.217567
4121 0.217569
4131 0.217570
4141 0.217572
4151 0.217573
4161 0.217574
4171 0.217576
4181 0.217577
4191 0.217579
4201 0.217580
4211 0.217581
4221 0.217582
4231 0.217583
4241 0.217584
4251 0.217585
4261 0.217586
4271 0.217587
4281 0.217588
4291 0.217589
4301 0.217590
4311 0.217590
4321 0.217591
4331 0.217591
4341 0.217592
4351 0.217592
4361 0.217592
4371 0.217592
4381 0.217592
4391 0.217593
4401 0.217593
4411 0.217593
4421 0.217593
4431 0.217592
4441 0.217592
4451 0.217592
4461 0.217592
4471 0.217592
4481 0.217591
4491 0.217591
4501 0.217591
4511 0.217590
4521 0.217590
4531 0.217590
4541 0.217589
4551 0.217589
4561 0.217588
4571 0.217588
4581 0.217588
4591 0.217587
4601 0.217587
4611 0.217586
4621 0.217586
4631 0.217586
4641 0.217585
4651 0.217585
4661 0.217585
4671 0.217585
4681 0.217584
4691 0.217584
4701 0.217584
4711 0.217584
4721 0.217584
4731 0.217584
4741 0.217584
4751 0.217584
4761 0.217583
4771 0.217583
4781 0.217583
4791 0.217584
4801 0.217584
4811 0.217584
4821 0.217584
4831 0.217584
4841 0.217584
4851 0.217584
4861 0.217585
4871 0.217585
4881 0.217585
4891 0.217585
4901 0.217586
4911 0.217586
4921 0.217586
4931 0.217587
4941 0.217587
4951 0.217587
4961 0.217588
4971 0.217588
4981 0.217588
4991 0.217589
5001 0.217589
5011 0.217589
5021 0.217590
5031 0.217590
5041 0.217591
5051 0.217591
5061 0.217591
5071 0.217592
5081 0.217592
5091 0.217592
5101 0.217593
5111 0.217593
5121 0.217593
5131 0.217593
5141 0.217594
5151 0.217594
5161 0.217594
5171 0.217594
5181 0.217595
5191 0.217595
5201 0.217595
5211 0.217595
5221 0.217596
5231 0.217596
5241 0.217596
5251 0.217596
5261 0.217596
5271 0.217596
5281 0.217597
5291 0.217597
5301 0.217597
5311 0.217597
5321 0.217597
5331 0.217597
5341 0.217597
5351 0.217597
5361 0.217597
5371 0.217598
5381 0.217598
5391 0.217598
5401 0.217598
5411 0.217598
5421 0.217598
5431 0.217598
5441 0.217598
5451 0.217598
5461 0.217599
5471 0.217599
5481 0.217599
5491 0.217599
5501 0.217599
5511 0.217599
5521 0.217599
5531 0.217599
5541 0.217599
5551 0.217600
5561 0.217600
5571 0.217600
5581 0.217600
5591 0.217600
5601 0.217600
5611 0.217600
5621 0.217601
5631 0.217601
5641 0.217601
5651 0.217601
5661 0.217601
5671 0.217601
5681 0.217602
5691 0.217602
5701 0.217602
5711 0.217602
5721 0.217602
5731 0.217603
5741 0.217603
5751 0.217603
5761 0.217603
5771 0.217603
5781 0.217603
5791 0.217604
5801 0.217604
5811 0.217604
5821 0.217604
5831 0.217604
5841 0.217605
5851 0.217605
5861 0.217605
5871 0.217605
5881 0.217605
5891 0.217606
5901 0.217606
5911 0.217606
5921 0.217606
5931 0.217606
5941 0.217607
5951 0.217607
5961 0.217607
5971 0.217607
5981 0.217607
5991 0.217607
6001 0.217608
6011 0.217608
6021 0.217608
6031 0.217608
6041 0.217608
6051 0.217609
6061 0.217609
6071 0.217609
6081 0.217609
6091 0.217609
6101 0.217609
6111 0.217609
6121 0.217610
6131 0.217610
6141 0.217610
6151 0.217610
6161 0.217610
6171 0.217610
6181 0.217611
6191 0.217611
6201 0.217611
6211 0.217611
6221 0.217611
6231 0.217611
6241 0.217612
6251 0.217612
6261 0.217612
6271 0.217612
6281 0.217612
6291 0.217612
6301 0.217613
6311 0.217613
6321 0.217613
6331 0.217613
6341 0.217613
6351 0.217613
6361 0.217614
6371 0.217614
6381 0.217614
6391 0.217614
6401 0.217614
6411 0.217615
6421 0.217615
6431 0.217615
6441 0.217615
6451 0.217615
6461 0.217615
6471 0.217615
6481 0.217616
6491 0.217616
6501 0.217616
6511 0.217616
6521 0.217616
6531 0.217617
6541 0.217617
6551 0.217617
6561 0.217617
6571 0.217617
6581 0.217617
6591 0.217618
6601 0.217618
6611 0.217618
6621 0.217618
6631 0.217618
6641 0.217619
6651 0.217619
6661 0.217619
6671 0.217619
6681 0.217619
6691 0.217619
6701 0.217620
6711 0.217620
6721 0.217620
6731 0.217620
6741 0.217620
6751 0.217620
6761 0.217621
6771 0.217621
6781 0.217621
6791 0.217621
6801 0.217621
6811 0.217621
6821 0.217622
6831 0.217622
6841 0.217622
6851 0.217622
6861 0.217622
6871 0.217622
6881 0.217623
6891 0.217623
6901 0.217623
6911 0.217623
6921 0.217623
6931 0.217623
6941 0.217624
6951 0.217624
6961 0.217624
6971 0.217624
6981 0.217624
6991 0.217624
7001 0.217625
7011 0.217625
7021 0.217625
7031 0.217625
7041 0.217625
7051 0.217626
7061 0.217626
7071 0.217626
7081 0.217626
7091 0.217626
7101 0.217626
7111 0.217626
7121 0.217627
7131 0.217627
7141 0.217627
7151 0.217627
7161 0.217627
7171 0.217627
7181 0.217628
7191 0.217628
7201 0.217628
7211 0.217628
7221 0.217628
7231 0.217629
7241 0.217629
7251 0.217629
7261 0.217629
7271 0.217629
7281 0.217629
7291 0.217629
7301 0.217630
7311 0.217630
7321 0.217630
7331 0.217630
7341 0.217630
7351 0.217631
7361 0.217631
7371 0.217631
7381 0.217631
7391 0.217631
7401 0.217631
7411 0.217631
7421 0.217632
7431 0.217632
7441 0.217632
7451 0.217632
7461 0.217632
7471 0.217632
7481 0.217633
7491 0.217633
7501 0.217633
7511 0.217633
7521 0.217633
7531 0.217633
7541 0.217634
7551 0.217634
7561 0.217634
7571 0.217634
7581 0.217634
7591 0.217634
7601 0.217634
7611 0.217635
7621 0.217635
7631 0.217635
7641 0.217635
7651 0.217635
7661 0.217635
7671 0.217636
7681 0.217636
7691 0.217636
7701 0.217636
7711 0.217636
7721 0.217636
7731 0.217636
7741 0.217637
7751 0.217637
7761 0.217637
7771 0.217637
7781 0.217637
7791 0.217637
7801 0.217638
7811 0.217638
7821 0.217638
7831 0.217638
7841 0.217638
7851 0.217638
7861 0.217639
7871 0.217639
7881 0.217639
7891 0.217639
7901 0.217639
7911 0.217639
7921 0.217640
7931 0.217640
7941 0.217640
7951 0.217640
7961 0.217640
7971 0.217640
7981 0.217640
7991 0.217641
8001 0.217641
8011 0.217641
8021 0.217641
8031 0.217641
8041 0.217641
8051 0.217642
8061 0.217642
8071 0.217642
8081 0.217642
8091 0.217642
8101 0.217642
8111 0.217642
8121 0.217642
8131 0.217643
8141 0.217643
8151 0.217643
8161 0.217643
8171 0.217643
8181 0.217643
8191 0.217644
8201 0.217644
8211 0.217644
8221 0.217644
8231 0.217644
8241 0.217644
8251 0.217644
8261 0.217644
8271 0.217645
8281 0.217645
8291 0.217645
8301 0.217645
8311 0.217645
8321 0.217645
8331 0.217645
8341 0.217646
8351 0.217646
8361 0.217646
8371 0.217646
8381 0.217646
8391 0.217646
8401 0.217646
8411 0.217647
8421 0.217647
8431 0.217647
8441 0.217647
8451 0.217647
8461 0.217647
8471 0.217647
8481 0.217647
8491 0.217648
8501 0.217648
8511 0.217648
8521 0.217648
8531 0.217648
8541 0.217648
8551 0.217648
8561 0.217649
8571 0.217649
8581 0.217649
8591 0.217649
8601 0.217649
8611 0.217649
8621 0.217649
8631 0.217650
8641 0.217650
8651 0.217650
8661 0.217650
8671 0.217650
8681 0.217650
8691 0.217650
8701 0.217650
8711 0.217651
8721 0.217651
8731 0.217651
8741 0.217651
8751 0.217651
8761 0.217651
8771 0.217651
8781 0.217651
8791 0.217652
8801 0.217652
8811 0.217652
8821 0.217652
8831 0.217652
8841 0.217652
8851 0.217652
8861 0.217652
8871 0.217653
8881 0.217653
8891 0.217653
8901 0.217653
8911 0.217653
8921 0.217653
8931 0.217653
8941 0.217653
8951 0.217654
8961 0.217654
8971 0.217654
8981 0.217654
8991 0.217654
9001 0.217654
9011 0.217654
9021 0.217654
9031 0.217654
9041 0.217655
9051 0.217655
9061 0.217655
9071 0.217655
9081 0.217655
9091 0.217655
9101 0.217655
9111 0.217655
9121 0.217655
9131 0.217656
9141 0.217656
9151 0.217656
9161 0.217656
9171 0.217656
9181 0.217656
9191 0.217656
9201 0.217656
9211 0.217656
9221 0.217657
9231 0.217657
9241 0.217657
9251 0.217657
9261 0.217657
9271 0.217657
9281 0.217657
9291 0.217657
9301 0.217657
9311 0.217658
9321 0.217658
9331 0.217658
9341 0.217658
9351 0.217658
9361 0.217658
9371 0.217658
9381 0.217658
9391 0.217658
9401 0.217658
9411 0.217658
9421 0.217659
9431 0.217659
9441 0.217659
9451 0.217659
9461 0.217659
9471 0.217659
9481 0.217659
9491 0.217659
9501 0.217659
9511 0.217660
9521 0.217660
9531 0.217660
9541 0.217660
9551 0.217660
9561 0.217660
9571 0.217660
9581 0.217660
9591 0.217660
9601 0.217660
9611 0.217660
9621 0.217660
9631 0.217661
9641 0.217661
9651 0.217661
9661 0.217661
9671 0.217661
9681 0.217661
9691 0.217661
9701 0.217661
9711 0.217661
9721 0.217661
9731 0.217661
9741 0.217661
9751 0.217662
9761 0.217662
9771 0.217662
9781 0.217662
9791 0.217662
9801 0.217662
9811 0.217662
9821 0.217662
9831 0.217662
9841 0.217662
9851 0.217662
9861 0.217662
9871 0.217663
9881 0.217663
9891 0.217663
9901 0.217663
9911 0.217663
9921 0.217663
9931 0.217663
9941 0.217663
9951 0.217663
9961 0.217663
9971 0.217663
9981 0.217663
9991 0.217663
