1 0.298174
11 0.264317
21 0.244687
31 0.233556
41 0.227167
51 0.223420
61 0.221177
71 0.219813
81 0.218977
91 0.218463
101 0.218151
111 0.217965
121 0.217859
131 0.217804
141 0.217781
151 0.217777
161 0.217785
171 0.217799
181 0.217817
191 0.217837
201 0.217856
211 0.217874
221 0.217890
231 0.217906
241 0.217919
251 0.217931
261 0.217942
271 0.217951
281 0.217959
291 0.217965
301 0.217971
311 0.217976
321 0.217980
331 0.217983
341 0.217986
351 0.217988
361 0.217990
371 0.217991
381 0.217992
391 0.217993
401 0.217993
411 0.217993
421 0.217993
431 0.217993
441 0.217993
451 0.217992
461 0.217992
471 0.217991
481 0.217991
491 0.217990
501 0.217989
511 0.217988
521 0.217987
531 0.217986
541 0.217985
551 0.217984
561 0.217983
571 0.217982
581 0.217981
591 0.217980
601 0.217979
611 0.217978
621 0.217977
631 0.217976
641 0.217975
651 0.217974
661 0.217972
671 0.217971
681 0.217970
691 0.217969
701 0.217968
711 0.217967
721 0.217965
731 0.217964
741 0.217963
751 0.217962
761 0.217961
771 0.217959
781 0.217958
791 0.217957
801 0.217956
811 0.217954
821 0.217953
831 0.217952
841 0.217951
851 0.217949
861 0.217948
871 0.217947
881 0.217946
891 0.217944
901 0.217943
911 0.217942
921 0.217940
931 0.217939
941 0.217938
951 0.217937
961 0.217935
971 0.217934
981 0.217933
991 0.217931
1001 0.217930
1011 0.217929
1021 0.217927
1031 0.217926
1041 0.217925
1051 0.217923
1061 0.217922
1071 0.217921
1081 0.217919
1091 0.217918
1101 0.217917
1111 0.217915
1121 0.217914
1131 0.217913
1141 0.217911
1151 0.217910
1161 0.217909
1171 0.217907
1181 0.217906
1191 0.217904
1201 0.217903
1211 0.217902
1221 0.217900
1231 0.217899
1241 0.217897
1251 0.217896
1261 0.217895
1271 0.217893
1281 0.217892
1291 0.217890
1301 0.217889
1311 0.217887
1321 0.217886
1331 0.217885
1341 0.217883
1351 0.217882
1361 0.217880
1371 0.217879
1381 0.217878
1391 0.217876
1401 0.217875
1411 0.217873
1421 0.217872
1431 0.217870
1441 0.217869
1451 0.217867
1461 0.217866
1471 0.217864
1481 0.217863
1491 0.217861
1501 0.217860
1511 0.217859
1521 0.217857
1531 0.217856
1541 0.217854
1551 0.217853
1561 0.217851
1571 0.217850
1581 0.217848
1591 0.217847
1601 0.217845
1611 0.217844
1621 0.217842
1631 0.217841
1641 0.217839
1651 0.217838
1661 0.217836
1671 0.217835
1681 0.217833
1691 0.217831
1701 0.217830
1711 0.217828
1721 0.217827
1731 0.217825
1741 0.217824
1751 0.217822
1761 0.217821
1771 0.217819
1781 0.217818
1791 0.217816
1801 0.217815
1811 0.217813
1821 0.217812
1831 0.217810
1841 0.217808
1851 0.217807
1861 0.217805
1871 0.217804
1881 0.217802
1891 0.217801
1901 0.217799
1911 0.217797
1921 0.217796
1931 0.217794
1941 0.217793
1951 0.217791
1961 0.217790
1971 0.217788
1981 0.217786
1991 0.217785
2001 0.217783
2011 0.217782
2021 0.217780
2031 0.217779
2041 0.217777
2051 0.217775
2061 0.217774
2071 0.217772
2081 0.217771
2091 0.217769
2101 0.217768
2111 0.217766
2121 0.217764
2131 0.217763
2141 0.217761
2151 0.217760
2161 0.217758
2171 0.217756
2181 0.217755
2191 0.217753
2201 0.217752
2211 0.217750
2221 0.217748
2231 0.217747
2241 0.217745
2251 0.217744
2261 0.217742
2271 0.217740
2281 0.217739
2291 0.217737
2301 0.217736
2311 0.217734
2321 0.217732
2331 0.217731
2341 0.217729
2351 0.217728
2361 0.217726
2371 0.217724
2381 0.217723
2391 0.217721
2401 0.217720
2411 0.217718
2421 0.217717
2431 0.217715
2441 0.217713
2451 0.217712
2461 0.217710
2471 0.217709
2481 0.217707
2491 0.217705
2501 0.217704
2511 0.217702
2521 0.217701
2531 0.217699
2541 0.217698
2551 0.217696
2561 0.217694
2571 0.217693
2581 0.217691
2591 0.217690
2601 0.217688
2611 0.217687
2621 0.217685
2631 0.217684
2641 0.217682
2651 0.217680
2661 0.217679
2671 0.217677
2681 0.217676
2691 0.217674
2701 0.217673
2711 0.217671
2721 0.217670
2731 0.217668
2741 0.217667
2751 0.217665
2761 0.217664
2771 0.217662
2781 0.217661
2791 0.217659
2801 0.217658
2811 0.217656
2821 0.217655
2831 0.217653
2841 0.217652
2851 0.217650
2861 0.217649
2871 0.217647
2881 0.217646
2891 0.217645
2901 0.217643
2911 0.217642
2921 0.217640
2931 0.217639
2941 0.217637
2951 0.217636
2961 0.217635
2971 0.217633
2981 0.217632
2991 0.217630
3001 0.217629
3011 0.217628
3021 0.217626
3031 0.217625
3041 0.217623
3051 0.217622
3061 0.217621
3071 0.217619
3081 0.217618
3091 0.217617
3101 0.217615
3111 0.217614
3121 0.217613
3131 0.217612
3141 0.217610
3151 0.217609
3161 0.217608
3171 0.217607
3181 0.217605
3191 0.217604
3201 0.217603
3211 0.217602
3221 0.217600
3231 0.217599
3241 0.217598
3251 0.217597
3261 0.217596
3271 0.217594
3281 0.217593
3291 0.217592
3301 0.217591
3311 0.217590
3321 0.217589
3331 0.217588
3341 0.217586
3351 0.217585
3361 0.217584
3371 0.217583
3381 0.217582
3391 0.217581
3401 0.217580
3411 0.217579
3421 0.217578
3431 0.217577
3441 0.217576
3451 0.217575
3461 0.217574
3471 0.217573
3481 0.217572
3491 0.217571
3501 0.217570
3511 0.217569
3521 0.217568
3531 0.217567
3541 0.217566
3551 0.217565
3561 0.217564
3571 0.217564
3581 0.217563
3591 0.217562
3601 0.217561
3611 0.217560
3621 0.217559
3631 0.217558
3641 0.217558
3651 0.217557
3661 0.217556
3671 0.217555
3681 0.217555
3691 0.217554
3701 0.217553
3711 0.217552
3721 0.217551
3731 0.217551
3741 0.217550
3751 0.217549
3761 0.217549
3771 0.217548
3781 0.217547
3791 0.217547
3801 0.217546
3811 0.217545
3821 0.217545
3831 0.217544
3841 0.217544
3851 0.217543
3861 0.217542
3871 0.217542
3881 0.217541
3891 0.217541
3901 0.217540
3911 0.217540
3921 0.217539
3931 0.217539
3941 0.217538
3951 0.217537
3961 0.217537
3971 0.217537
3981 0.217536
3991 0.217536
4001 0.217535
4011 0.217535
4021 0.217534
4031 0.217534
4041 0.217533
4051 0.217533
4061 0.217533
4071 0.217532
4081 0.217532
4091 0.217532
4101 0.217531
4111 0.217531
4121 0.217530
4131 0.217530
4141 0.217530
4151 0.217530
4161 0.217529
4171 0.217529
4181 0.217529
4191 0.217528
4201 0.217528
4211 0.217528
4221 0.217528
4231 0.217527
4241 0.217527
4251 0.217527
4261 0.217527
4271 0.217526
4281 0.217526
4291 0.217526
4301 0.217526
4311 0.217526
4321 0.217525
4331 0.217525
4341 0.217525
4351 0.217525
4361 0.217525
4371 0.217525
4381 0.217525
4391 0.217525
4401 0.217525
4411 0.217524
4421 0.217524
4431 0.217524
4441 0.217524
4451 0.217524
4461 0.217524
4471 0.217524
4481 0.217524
4491 0.217524
4501 0.217524
4511 0.217524
4521 0.217524
4531 0.217524
4541 0.217524
4551 0.217524
4561 0.217524
4571 0.217524
4581 0.217524
4591 0.217524
4601 0.217524
4611 0.217524
4621 0.217524
4631 0.217524
4641 0.217524
4651 0.217524
4661 0.217524
4671 0.217524
4681 0.217524
4691 0.217524
4701 0.217524
4711 0.217525
4721 0.217525
4731 0.217525
4741 0.217525
4751 0.217525
4761 0.217525
4771 0.217525
4781 0.217525
4791 0.217525
4801 0.217526
4811 0.217526
4821 0.217526
4831 0.217526
4841 0.217526
4851 0.217526
4861 0.217526
4871 0.217527
4881 0.217527
4891 0.217527
4901 0.217527
4911 0.217527
4921 0.217528
4931 0.217528
4941 0.217528
4951 0.217528
4961 0.217528
4971 0.217529
4981 0.217529
4991 0.217529
5001 0.217529
5011 0.217529
5021 0.217530
5031 0.217530
5041 0.217530
5051 0.217530
5061 0.217531
5071 0.217531
5081 0.217531
5091 0.217531
5101 0.217532
5111 0.217532
5121 0.217532
5131 0.217533
5141 0.217533
5151 0.217533
5161 0.217533
5171 0.217534
5181 0.217534
5191 0.217534
5201 0.217534
5211 0.217535
5221 0.217535
5231 0.217535
5241 0.217536
5251 0.217536
5261 0.217536
5271 0.217537
5281 0.217537
5291 0.217537
5301 0.217538
5311 0.217538
5321 0.217538
5331 0.217538
5341 0.217539
5351 0.217539
5361 0.217539
5371 0.217540
5381 0.217540
5391 0.217540
5401 0.217541
5411 0.217541
5421 0.217541
5431 0.217542
5441 0.217542
5451 0.217542
5461 0.217543
5471 0.217543
5481 0.217543
5491 0.217544
5501 0.217544
5511 0.217544
5521 0.217545
5531 0.217545
5541 0.217546
5551 0.217546
5561 0.217546
5571 0.217547
5581 0.217547
5591 0.217547
5601 0.217548
5611 0.217548
5621 0.217548
5631 0.217549
5641 0.217549
5651 0.217550
5661 0.217550
5671 0.217550
5681 0.217551
5691 0.217551
5701 0.217551
5711 0.217552
5721 0.217552
5731 0.217553
5741 0.217553
5751 0.217553
5761 0.217554
5771 0.217554
5781 0.217554
5791 0.217555
5801 0.217555
5811 0.217556
5821 0.217556
5831 0.217556
5841 0.217557
5851 0.217557
5861 0.217557
5871 0.217558
5881 0.217558
5891 0.217559
5901 0.217559
5911 0.217559
5921 0.217560
5931 0.217560
5941 0.217560
5951 0.217561
5961 0.217561
5971 0.217562
5981 0.217562
5991 0.217562
6001 0.217563
6011 0.217563
6021 0.217564
6031 0.217564
6041 0.217564
6051 0.217565
6061 0.217565
6071 0.217565
6081 0.217566
6091 0.217566
6101 0.217567
6111 0.217567
6121 0.217567
6131 0.217568
6141 0.217568
6151 0.217568
6161 0.217569
6171 0.217569
6181 0.217570
6191 0.217570
6201 0.217570
6211 0.217571
6221 0.217571
6231 0.217572
6241 0.217572
6251 0.217572
6261 0.217573
6271 0.217573
6281 0.217573
6291 0.217574
6301 0.217574
6311 0.217575
6321 0.217575
6331 0.217575
6341 0.217576
6351 0.217576
6361 0.217576
6371 0.217577
6381 0.217577
6391 0.217577
6401 0.217578
6411 0.217578
6421 0.217578
6431 0.217579
6441 0.217579
6451 0.217579
6461 0.217580
6471 0.217580
6481 0.217581
6491 0.217581
6501 0.217581
6511 0.217582
6521 0.217582
6531 0.217582
6541 0.217583
6551 0.217583
6561 0.217583
6571 0.217584
6581 0.217584
6591 0.217584
6601 0.217585
6611 0.217585
6621 0.217585
6631 0.217586
6641 0.217586
6651 0.217586
6661 0.217587
6671 0.217587
6681 0.217587
6691 0.217588
6701 0.217588
6711 0.217588
6721 0.217588
6731 0.217589
6741 0.217589
6751 0.217589
6761 0.217590
6771 0.217590
6781 0.217590
6791 0.217591
6801 0.217591
6811 0.217591
6821 0.217591
6831 0.217592
6841 0.217592
6851 0.217592
6861 0.217593
6871 0.217593
6881 0.217593
6891 0.217593
6901 0.217594
6911 0.217594
6921 0.217594
6931 0.217595
6941 0.217595
6951 0.217595
6961 0.217595
6971 0.217596
6981 0.217596
6991 0.217596
7001 0.217596
7011 0.217597
7021 0.217597
7031 0.217597
7041 0.217597
7051 0.217598
7061 0.217598
7071 0.217598
7081 0.217598
7091 0.217598
7101 0.217599
7111 0.217599
7121 0.217599
7131 0.217599
7141 0.217600
7151 0.217600
7161 0.217600
7171 0.217600
7181 0.217600
7191 0.217600
7201 0.217601
7211 0.217601
7221 0.217601
7231 0.217601
7241 0.217602
7251 0.217602
7261 0.217602
7271 0.217602
7281 0.217602
7291 0.217602
7301 0.217602
7311 0.217603
7321 0.217603
7331 0.217603
7341 0.217603
7351 0.217603
7361 0.217603
7371 0.217603
7381 0.217604
7391 0.217604
7401 0.217604
7411 0.217604
7421 0.217604
7431 0.217604
7441 0.217604
7451 0.217604
7461 0.217605
7471 0.217605
7481 0.217605
7491 0.217605
7501 0.217605
7511 0.217605
7521 0.217605
7531 0.217605
7541 0.217605
7551 0.217605
7561 0.217605
7571 0.217605
7581 0.217605
7591 0.217605
7601 0.217605
7611 0.217605
7621 0.217605
7631 0.217605
7641 0.217605
7651 0.217606
7661 0.217606
7671 0.217606
7681 0.217606
7691 0.217606
7701 0.217605
7711 0.217605
7721 0.217605
7731 0.217605
7741 0.217605
7751 0.217605
7761 0.217605
7771 0.217605
7781 0.217605
7791 0.217605
7801 0.217605
7811 0.217605
7821 0.217605
7831 0.217605
7841 0.217605
7851 0.217605
7861 0.217605
7871 0.217605
7881 0.217605
7891 0.217604
7901 0.217604
7911 0.217604
7921 0.217604
7931 0.217604
7941 0.217604
7951 0.217604
7961 0.217604
7971 0.217604
7981 0.217603
7991 0.217603
8001 0.217603
8011 0.217603
8021 0.217603
8031 0.217603
8041 0.217602
8051 0.217602
8061 0.217602
8071 0.217602
8081 0.217602
8091 0.217602
8101 0.217601
8111 0.217601
8121 0.217601
8131 0.217601
8141 0.217600
8151 0.217600
8161 0.217600
8171 0.217600
8181 0.217599
8191 0.217599
8201 0.217599
8211 0.217599
8221 0.217599
8231 0.217598
8241 0.217598
8251 0.217598
8261 0.217597
8271 0.217597
8281 0.217597
8291 0.217597
8301 0.217596
8311 0.217596
8321 0.217596
8331 0.217595
8341 0.217595
8351 0.217595
8361 0.217594
8371 0.217594
8381 0.217594
8391 0.217593
8401 0.217593
8411 0.217593
8421 0.217593
8431 0.217592
8441 0.217592
8451 0.217591
8461 0.217591
8471 0.217591
8481 0.217590
8491 0.217590
8501 0.217590
8511 0.217589
8521 0.217589
8531 0.217589
8541 0.217588
8551 0.217588
8561 0.217587
8571 0.217587
8581 0.217587
8591 0.217586
8601 0.217586
8611 0.217585
8621 0.217585
8631 0.217585
8641 0.217584
8651 0.217584
8661 0.217584
8671 0.217583
8681 0.217583
8691 0.217582
8701 0.217582
8711 0.217581
8721 0.217581
8731 0.217581
8741 0.217580
8751 0.217580
8761 0.217579
8771 0.217579
8781 0.217579
8791 0.217578
8801 0.217578
8811 0.217577
8821 0.217577
8831 0.217577
8841 0.217576
8851 0.217576
8861 0.217575
8871 0.217575
8881 0.217574
8891 0.217574
8901 0.217574
8911 0.217573
8921 0.217573
8931 0.217572
8941 0.217572
8951 0.217572
8961 0.217571
8971 0.217571
8981 0.217570
8991 0.217570
9001 0.217570
9011 0.217569
9021 0.217569
9031 0.217568
9041 0.217568
9051 0.217568
9061 0.217567
9071 0.217567
9081 0.217567
9091 0.217566
9101 0.217566
9111 0.217565
9121 0.217565
9131 0.217565
9141 0.217564
9151 0.217564
9161 0.217564
9171 0.217563
9181 0.217563
9191 0.217563
9201 0.217562
9211 0.217562
9221 0.217562
9231 0.217561
9241 0.217561
9251 0.217561
9261 0.217560
9271 0.217560
9281 0.217560
9291 0.217559
9301 0.217559
9311 0.217559
9321 0.217559
9331 0.217558
9341 0.217558
9351 0.217558
9361 0.217558
9371 0.217557
9381 0.217557
9391 0.217557
9401 0.217556
9411 0.217556
9421 0.217556
9431 0.217556
9441 0.217556
9451 0.217555
9461 0.217555
9471 0.217555
9481 0.217555
9491 0.217555
9501 0.217555
9511 0.217554
9521 0.217554
9531 0.217554
9541 0.217554
9551 0.217554
9561 0.217553
9571 0.217553
9581 0.217553
9591 0.217553
9601 0.217553
9611 0.217553
9621 0.217553
9631 0.217553
9641 0.217553
9651 0.217552
9661 0.217552
9671 0.217552
9681 0.217552
9691 0.217552
9701 0.217552
9711 0.217552
9721 0.217552
9731 0.217552
9741 0.217552
9751 0.217552
9761 0.217552
9771 0.217552
9781 0.217552
9791 0.217552
9801 0.217552
9811 0.217552
9821 0.217552
9831 0.217552
9841 0.217552
9851 0.217552
9861 0.217552
9871 0.217552
9881 0.217552
9891 0.217552
9901 0.217552
9911 0.217552
9921 0.217552
9931 0.217552
9941 0.217553
9951 0.217553
9961 0.217553
9971 0.217553
9981 0.217553
9991 0.217553
