1 0.218113
11 0.218114
21 0.218114
31 0.218114
41 0.218113
51 0.218113
61 0.218112
71 0.218111
81 0.218110
91 0.218109
101 0.218108
111 0.218107
121 0.218106
131 0.218105
141 0.218103
151 0.218102
161 0.218101
171 0.218100
181 0.218098
191 0.218097
201 0.218096
211 0.218094
221 0.218093
231 0.218092
241 0.218090
251 0.218089
261 0.218088
271 0.218086
281 0.218085
291 0.218084
301 0.218082
311 0.218081
321 0.218079
331 0.218078
341 0.218077
351 0.218075
361 0.218074
371 0.218072
381 0.218071
391 0.218070
401 0.218068
411 0.218067
421 0.218065
431 0.218064
441 0.218063
451 0.218061
461 0.218060
471 0.218058
481 0.218057
491 0.218055
501 0.218054
511 0.218052
521 0.218051
531 0.218050
541 0.218048
551 0.218047
561 0.218045
571 0.218044
581 0.218042
591 0.218041
601 0.218039
611 0.218038
621 0.218036
631 0.218035
641 0.218033
651 0.218032
661 0.218030
671 0.218029
681 0.218027
691 0.218026
701 0.218024
711 0.218023
721 0.218022
731 0.218020
741 0.218019
751 0.218017
761 0.218016
771 0.218014
781 0.218013
791 0.218011
801 0.218010
811 0.218008
821 0.218007
831 0.218005
841 0.218004
851 0.218002
861 0.218001
871 0.217999
881 0.217998
891 0.217997
901 0.217995
911 0.217994
921 0.217992
931 0.217991
941 0.217989
951 0.217988
961 0.217986
971 0.217985
981 0.217984
991 0.217982
1001 0.217981
1011 0.217979
1021 0.217978
1031 0.217977
1041 0.217975
1051 0.217974
1061 0.217972
1071 0.217971
1081 0.217970
1091 0.217968
1101 0.217967
1111 0.217966
1121 0.217964
1131 0.217963
1141 0.217962
1151 0.217960
1161 0.217959
1171 0.217958
1181 0.217956
1191 0.217955
1201 0.217954
1211 0.217952
1221 0.217951
1231 0.217950
1241 0.217949
1251 0.217947
1261 0.217946
1271 0.217945
1281 0.217944
1291 0.217942
1301 0.217941
1311 0.217940
1321 0.217939
1331 0.217938
1341 0.217936
1351 0.217935
1361 0.217934
1371 0.217933
1381 0.217932
1391 0.217931
1401 0.217929
1411 0.217928
1421 0.217927
1431 0.217926
1441 0.217925
1451 0.217924
1461 0.217923
1471 0.217922
1481 0.217921
1491 0.217919
1501 0.217918
1511 0.217917
1521 0.217916
1531 0.217915
1541 0.217914
1551 0.217913
1561 0.217912
1571 0.217911
1581 0.217910
1591 0.217909
1601 0.217908
1611 0.217907
1621 0.217906
1631 0.217905
1641 0.217904
1651 0.217904
1661 0.217903
1671 0.217902
1681 0.217901
1691 0.217900
1701 0.217899
1711 0.217898
1721 0.217897
1731 0.217896
1741 0.217895
1751 0.217895
1761 0.217894
1771 0.217893
1781 0.217892
1791 0.217891
1801 0.217890
1811 0.217890
1821 0.217889
1831 0.217888
1841 0.217887
1851 0.217886
1861 0.217886
1871 0.217885
1881 0.217884
1891 0.217883
1901 0.217882
1911 0.217882
1921 0.217881
1931 0.217880
1941 0.217879
1951 0.217879
1961 0.217878
1971 0.217877
1981 0.217877
1991 0.217876
2001 0.217875
2011 0.217874
2021 0.217874
2031 0.217873
2041 0.217872
2051 0.217872
2061 0.217871
2071 0.217870
2081 0.217870
2091 0.217869
2101 0.217868
2111 0.217868
2121 0.217867
2131 0.217866
2141 0.217866
2151 0.217865
2161 0.217865
2171 0.217864
2181 0.217863
2191 0.217863
2201 0.217862
2211 0.217861
2221 0.217861
2231 0.217860
2241 0.217860
2251 0.217859
2261 0.217858
2271 0.217858
2281 0.217857
2291 0.217857
2301 0.217856
2311 0.217855
2321 0.217855
2331 0.217854
2341 0.217854
2351 0.217853
2361 0.217853
2371 0.217852
2381 0.217851
2391 0.217851
2401 0.217850
2411 0.217850
2421 0.217849
2431 0.217849
2441 0.217848
2451 0.217848
2461 0.217847
2471 0.217846
2481 0.217846
2491 0.217845
2501 0.217845
2511 0.217844
2521 0.217844
2531 0.217843
2541 0.217843
2551 0.217842
2561 0.217842
2571 0.217841
2581 0.217841
2591 0.217840
2601 0.217839
2611 0.217839
2621 0.217838
2631 0.217838
2641 0.217837
2651 0.217837
2661 0.217836
2671 0.217836
2681 0.217835
2691 0.217835
2701 0.217834
2711 0.217834
2721 0.217833
2731 0.217833
2741 0.217832
2751 0.217832
2761 0.217831
2771 0.217831
2781 0.217830
2791 0.217829
2801 0.217829
2811 0.217828
2821 0.217828
2831 0.217827
2841 0.217827
2851 0.217826
2861 0.217826
2871 0.217825
2881 0.217825
2891 0.217824
2901 0.217824
2911 0.217823
2921 0.217823
2931 0.217822
2941 0.217822
2951 0.217821
2961 0.217821
2971 0.217820
2981 0.217820
2991 0.217819
3001 0.217818
3011 0.217818
3021 0.217817
3031 0.217817
3041 0.217816
3051 0.217816
3061 0.217815
3071 0.217815
3081 0.217814
3091 0.217814
3101 0.217813
3111 0.217813
3121 0.217812
3131 0.217811
3141 0.217811
3151 0.217810
3161 0.217810
3171 0.217809
3181 0.217809
3191 0.217808
3201 0.217808
3211 0.217807
3221 0.217807
3231 0.217806
3241 0.217805
3251 0.217805
3261 0.217804
3271 0.217804
3281 0.217803
3291 0.217803
3301 0.217802
3311 0.217802
3321 0.217801
3331 0.217800
3341 0.217800
3351 0.217799
3361 0.217799
3371 0.217798
3381 0.217798
3391 0.217797
3401 0.217796
3411 0.217796
3421 0.217795
3431 0.217795
3441 0.217794
3451 0.217794
3461 0.217793
3471 0.217793
3481 0.217792
3491 0.217791
3501 0.217791
3511 0.217790
3521 0.217790
3531 0.217789
3541 0.217789
3551 0.217788
3561 0.217787
3571 0.217787
3581 0.217786
3591 0.217786
3601 0.217785
3611 0.217784
3621 0.217784
3631 0.217783
3641 0.217783
3651 0.217782
3661 0.217782
3671 0.217781
3681 0.217780
3691 0.217780
3701 0.217779
3711 0.217779
3721 0.217778
3731 0.217777
3741 0.217777
3751 0.217776
3761 0.217776
3771 0.217775
3781 0.217774
3791 0.217774
3801 0.217773
3811 0.217773
3821 0.217772
3831 0.217772
3841 0.217771
3851 0.217770
3861 0.217770
3871 0.217769
3881 0.217769
3891 0.217768
3901 0.217767
3911 0.217767
3921 0.217766
3931 0.217766
3941 0.217765
3951 0.217764
3961 0.217764
3971 0.217763
3981 0.217763
3991 0.217762
4001 0.217762
4011 0.217761
4021 0.217760
4031 0.217760
4041 0.217759
4051 0.217759
4061 0.217758
4071 0.217758
4081 0.217757
4091 0.217756
4101 0.217756
4111 0.217755
4121 0.217755
4131 0.217754
4141 0.217754
4151 0.217753
4161 0.217752
4171 0.217752
4181 0.217751
4191 0.217751
4201 0.217750
4211 0.217750
4221 0.217749
4231 0.217749
4241 0.217748
4251 0.217747
4261 0.217747
4271 0.217746
4281 0.217746
4291 0.217745
4301 0.217745
4311 0.217744
4321 0.217744
4331 0.217743
4341 0.217743
4351 0.217742
4361 0.217741
4371 0.217741
4381 0.217740
4391 0.217740
4401 0.217739
4411 0.217739
4421 0.217738
4431 0.217738
4441 0.217737
4451 0.217737
4461 0.217736
4471 0.217736
4481 0.217735
4491 0.217735
4501 0.217734
4511 0.217734
4521 0.217733
4531 0.217733
4541 0.217733
4551 0.217732
4561 0.217732
4571 0.217731
4581 0.217731
4591 0.217730
4601 0.217730
4611 0.217729
4621 0.217729
4631 0.217728
4641 0.217728
4651 0.217727
4661 0.217727
4671 0.217727
4681 0.217726
4691 0.217726
4701 0.217725
4711 0.217725
4721 0.217724
4731 0.217724
4741 0.217724
4751 0.217723
4761 0.217723
4771 0.217722
4781 0.217722
4791 0.217722
4801 0.217721
4811 0.217721
4821 0.217720
4831 0.217720
4841 0.217720
4851 0.217719
4861 0.217719
4871 0.217719
4881 0.217718
4891 0.217718
4901 0.217718
4911 0.217717
4921 0.217717
4931 0.217716
4941 0.217716
4951 0.217716
4961 0.217715
4971 0.217715
4981 0.217715
4991 0.217714
5001 0.217714
5011 0.217714
5021 0.217713
5031 0.217713
5041 0.217713
5051 0.217713
5061 0.217712
5071 0.217712
5081 0.217712
5091 0.217712
5101 0.217711
5111 0.217711
5121 0.217711
5131 0.217710
5141 0.217710
5151 0.217710
5161 0.217710
5171 0.217709
5181 0.217709
5191 0.217709
5201 0.217709
5211 0.217708
5221 0.217708
5231 0.217708
5241 0.217708
5251 0.217708
5261 0.217707
5271 0.217707
5281 0.217707
5291 0.217707
5301 0.217706
5311 0.217706
5321 0.217706
5331 0.217706
5341 0.217706
5351 0.217705
5361 0.217705
5371 0.217705
5381 0.217705
5391 0.217705
5401 0.217705
5411 0.217704
5421 0.217704
5431 0.217704
5441 0.217704
5451 0.217704
5461 0.217704
5471 0.217704
5481 0.217703
5491 0.217703
5501 0.217703
5511 0.217703
5521 0.217703
5531 0.217703
5541 0.217703
5551 0.217702
5561 0.217702
5571 0.217702
5581 0.217702
5591 0.217702
5601 0.217702
5611 0.217702
5621 0.217702
5631 0.217702
5641 0.217701
5651 0.217701
5661 0.217701
5671 0.217701
5681 0.217701
5691 0.217701
5701 0.217701
5711 0.217701
5721 0.217701
5731 0.217701
5741 0.217701
5751 0.217700
5761 0.217700
5771 0.217700
5781 0.217700
5791 0.217700
5801 0.217700
5811 0.217700
5821 0.217700
5831 0.217700
5841 0.217700
5851 0.217700
5861 0.217700
5871 0.217700
5881 0.217700
5891 0.217700
5901 0.217699
5911 0.217699
5921 0.217699
5931 0.217699
5941 0.217699
5951 0.217699
5961 0.217699
5971 0.217699
5981 0.217699
5991 0.217699
6001 0.217699
6011 0.217699
6021 0.217699
6031 0.217699
6041 0.217699
6051 0.217699
6061 0.217699
6071 0.217698
6081 0.217698
6091 0.217698
6101 0.217698
6111 0.217698
6121 0.217698
6131 0.217698
6141 0.217698
6151 0.217698
6161 0.217698
6171 0.217698
6181 0.217698
6191 0.217698
6201 0.217698
6211 0.217698
6221 0.217698
6231 0.217698
6241 0.217698
6251 0.217698
6261 0.217697
6271 0.217697
6281 0.217697
6291 0.217697
6301 0.217697
6311 0.217697
6321 0.217697
6331 0.217697
6341 0.217697
6351 0.217697
6361 0.217697
6371 0.217697
6381 0.217697
6391 0.217697
6401 0.217697
6411 0.217696
6421 0.217696
6431 0.217696
6441 0.217696
6451 0.217696
6461 0.217696
6471 0.217696
6481 0.217696
6491 0.217696
6501 0.217696
6511 0.217696
6521 0.217695
6531 0.217695
6541 0.217695
6551 0.217695
6561 0.217695
6571 0.217695
6581 0.217695
6591 0.217695
6601 0.217695
6611 0.217694
6621 0.217694
6631 0.217694
6641 0.217694
6651 0.217694
6661 0.217694
6671 0.217694
6681 0.217693
6691 0.217693
6701 0.217693
6711 0.217693
6721 0.217693
6731 0.217693
6741 0.217693
6751 0.217692
6761 0.217692
6771 0.217692
6781 0.217692
6791 0.217692
6801 0.217692
6811 0.217691
6821 0.217691
6831 0.217691
6841 0.217691
6851 0.217691
6861 0.217690
6871 0.217690
6881 0.217690
6891 0.217690
6901 0.217690
6911 0.217689
6921 0.217689
6931 0.217689
6941 0.217689
6951 0.217689
6961 0.217688
6971 0.217688
6981 0.217688
6991 0.217687
7001 0.217687
7011 0.217687
7021 0.217687
7031 0.217686
7041 0.217686
7051 0.217686
7061 0.217686
7071 0.217686
7081 0.217685
7091 0.217685
7101 0.217685
7111 0.217684
7121 0.217684
7131 0.217684
7141 0.217684
7151 0.217683
7161 0.217683
7171 0.217683
7181 0.217682
7191 0.217682
7201 0.217682
7211 0.217681
7221 0.217681
7231 0.217681
7241 0.217680
7251 0.217680
7261 0.217680
7271 0.217679
7281 0.217679
7291 0.217679
7301 0.217678
7311 0.217678
7321 0.217678
7331 0.217677
7341 0.217677
7351 0.217677
7361 0.217676
7371 0.217676
7381 0.217676
7391 0.217675
7401 0.217675
7411 0.217674
7421 0.217674
7431 0.217674
7441 0.217673
7451 0.217673
7461 0.217672
7471 0.217672
7481 0.217672
7491 0.217671
7501 0.217671
7511 0.217670
7521 0.217670
7531 0.217670
7541 0.217669
7551 0.217669
7561 0.217668
7571 0.217668
7581 0.217667
7591 0.217667
7601 0.217667
7611 0.217666
7621 0.217666
7631 0.217665
7641 0.217665
7651 0.217664
7661 0.217664
7671 0.217663
7681 0.217663
7691 0.217663
7701 0.217662
7711 0.217662
7721 0.217661
7731 0.217661
7741 0.217660
7751 0.217660
7761 0.217659
7771 0.217659
7781 0.217658
7791 0.217658
7801 0.217657
7811 0.217657
7821 0.217656
7831 0.217656
7841 0.217655
7851 0.217655
7861 0.217654
7871 0.217654
7881 0.217653
7891 0.217653
7901 0.217652
7911 0.217652
7921 0.217651
7931 0.217651
7941 0.217650
7951 0.217650
7961 0.217649
7971 0.217649
7981 0.217648
7991 0.217648
8001 0.217647
8011 0.217647
8021 0.217646
8031 0.217646
8041 0.217645
8051 0.217645
8061 0.217644
8071 0.217644
8081 0.217643
8091 0.217643
8101 0.217642
8111 0.217642
8121 0.217641
8131 0.217641
8141 0.217640
8151 0.217639
8161 0.217639
8171 0.217638
8181 0.217638
8191 0.217637
8201 0.217637
8211 0.217636
8221 0.217636
8231 0.217635
8241 0.217635
8251 0.217634
8261 0.217634
8271 0.217633
8281 0.217633
8291 0.217632
8301 0.217632
8311 0.217631
8321 0.217630
8331 0.217630
8341 0.217629
8351 0.217629
8361 0.217628
8371 0.217628
8381 0.217627
8391 0.217627
8401 0.217626
8411 0.217626
8421 0.217625
8431 0.217625
8441 0.217624
8451 0.217624
8461 0.217623
8471 0.217622
8481 0.217622
8491 0.217621
8501 0.217621
8511 0.217620
8521 0.217620
8531 0.217619
8541 0.217619
8551 0.217618
8561 0.217618
8571 0.217617
8581 0.217617
8591 0.217616
8601 0.217616
8611 0.217615
8621 0.217615
8631 0.217614
8641 0.217614
8651 0.217613
8661 0.217613
8671 0.217612
8681 0.217611
8691 0.217611
8701 0.217610
8711 0.217610
8721 0.217609
8731 0.217609
8741 0.217608
8751 0.217608
8761 0.217607
8771 0.217607
8781 0.217606
8791 0.217606
8801 0.217605
8811 0.217605
8821 0.217604
8831 0.217604
8841 0.217603
8851 0.217603
8861 0.217602
8871 0.217602
8881 0.217601
8891 0.217601
8901 0.217600
8911 0.217600
8921 0.217599
8931 0.217599
8941 0.217598
8951 0.217598
8961 0.217597
8971 0.217597
8981 0.217596
8991 0.217596
9001 0.217596
9011 0.217595
9021 0.217595
9031 0.217594
9041 0.217594
9051 0.217593
9061 0.217593
9071 0.217592
9081 0.217592
9091 0.217591
9101 0.217591
9111 0.217590
9121 0.217590
9131 0.217589
9141 0.217589
9151 0.217589
9161 0.217588
9171 0.217588
9181 0.217587
9191 0.217587
9201 0.217586
9211 0.217586
9221 0.217585
9231 0.217585
9241 0.217585
9251 0.217584
9261 0.217584
9271 0.217583
9281 0.217583
9291 0.217582
9301 0.217582
9311 0.217582
9321 0.217581
9331 0.217581
9341 0.217580
9351 0.217580
9361 0.217579
9371 0.217579
9381 0.217579
9391 0.217578
9401 0.217578
9411 0.217577
9421 0.217577
9431 0.217577
9441 0.217576
9451 0.217576
9461 0.217575
9471 0.217575
9481 0.217575
9491 0.217574
9501 0.217574
9511 0.217573
9521 0.217573
9531 0.217573
9541 0.217572
9551 0.217572
9561 0.217572
9571 0.217571
9581 0.217571
9591 0.217570
9601 0.217570
9611 0.217570
9621 0.217569
9631 0.217569
9641 0.217569
9651 0.217568
9661 0.217568
9671 0.217568
9681 0.217567
9691 0.217567
9701 0.217567
9711 0.217566
9721 0.217566
9731 0.217566
9741 0.217565
9751 0.217565
9761 0.217565
9771 0.217564
9781 0.217564
9791 0.217564
9801 0.217563
9811 0.217563
9821 0.217563
9831 0.217562
9841 0.217562
9851 0.217562
9861 0.217562
9871 0.217561
9881 0.217561
9891 0.217561
9901 0.217560
9911 0.217560
9921 0.217560
9931 0.217560
9941 0.217559
9951 0.217559
9961 0.217559
9971 0.217559
9981 0.217558
9991 0.217558
